0,510
0,509
0,508
0,507
0,506
0,505
0,504
0,503
0,502
0,501
0,500
0,499
0,498
75,4
75,3
75,2
75,1
75,0
0,497
0,496
0,495
0,494
0,493
0,492
0,491
0,490
74,4
74,3
74,2
0,489
74,1
74,0
72,52
72,51
72,50
72,49
72,48
72,47
72,46
72,45
72,44
72,43
72,42
72,41
72,40
72,39
72,38
72,37
72,36
0,488
0,487
0,486
0,485
0,484
0,483
73,4
73,3
73,2
73,1
73,0
0,482
0,481
0,480
0,479
0,478
0,477
0,476
0,475
0,474
0,473
0,472
0,471
0,470
0,469
0,468
0,467
0,466
0,465
0,464
0,463
0,462
0,461
38,1
38,3
37,1
37,3
36,1
36,3
35,1
35,3
42,1
42,3
34,1
34,3
41,1
41,3
33,1
33,3
32,1
32,3
31,1
31,3
30,1
30,3
29,1
29,3
28,1
28,3
27,1
27,3
26,1
26,3
46,1
46,3
40,1
40,3
39,1
39,3
45,1
45,3
25,1
25,3
24,1
24,3
0,273
0,270
72,35
3,2
3,1
3,3
10,304
10,179
10,288
10,300
10,252
10,238
10,117
10,1
10,107
10,2
10,3
11,8
11,30
11,17
11,24
11,15
11,22
11,1
11,27
11,2
11,3
9,7
9,6
9,1
9,4
9,2
